1x1:
1 0
0 1
n=1 => 2

2x2:
1100
1010
1001
0110
0101
0011
n=2 => 6

3x3:
000 111
001 110
001 101
001 011
010 101
010 011
010 100
011 100
011 010
011 001
100 011
100 101
100 110
101 010
101 100
101 001
110 001
110 101
110 010
111 000
n=6 => 20
6*3+2

4x4:
0000 1111
0001 1110
0001 1101
0001 1011
0001 0111
0010 1110
0010 1101
0010 1011
0010 0111
0011 1100
0011 1010
0011 1001
0011 0101
0011 0011
0011 0110
0101 1010
0101 1001
0101 0110
0101 1100
0101 0011
0101 0101
0111 1000
0111 0100
0111 0010
0111 0001
1000 0111
1000 1011
1000 1101
1000 1110
1001 0110
1001 1001
1001 1100
1001 0011
1001 0101
1001 1010
1010 0101
1010 1010
1010 0011
1010 1100
1010 1001
1010 0110
1011 0100
1011 1000
1011 0010
1011 0001
1100 0011
1100 0110
1100 1100
1100 1001
1100 0101
1100 1010
1101 0010
1101 0001
1101 0100
1101 1000
1110 0001
1110 0010
1110 0100
1110 1000
1111 0000
n=4 => 60
8*4+2

1 =2
2 =6
3 =20
4 =60
5 =200
6 =600
7 =2000
8 =6000
9 =20000
10=60000
11=200000
12=600000
13=2000000
14=6000000
15=20000000
17=60000000
18=200000000
19=600000000
20=2000000000

